0393938875
0890425558
1941651585
0300184956
0470380276
0073382205
0321696670
007340697X
1323152210
0132344378
0806119195
0325004773
159448192X
193290705X
1864485434
030018915X
1501395262
1118118804
0674010965
0133400824
1610690222
0887277330
1841698911
0073510858
0310270200
1464124493
0486233375
1617310581
0684826399
0974707716
0801891345
0930897811
1118399471
1929325142
0226669548
0199536996
0192842374
082235134X
0231137265
0553212893
0133214311
0130814199
0143125087
0906515025
1609302516
0415251427
1464150761
0465032419
0300097166
1591473101
1617102008
0312542542
0143115286
1595586431
0822336197
0073523712
0943903122
0133923460
1595587748
0078024072
013403564X
0895828723
0321962702
1580462731
093915448X
0077861655
013145658X
0310270227
0674326369
161091192X
0136019285
1118404955
1847882668
0205175481
4893588109
0735545405
049539193X
0816680485
030016162X
0123848660
0133909107
0077861671
0415707285
0310520673
0140714898
0521531586
1118458346
0226845605
0822213419
1465213414
0804746842
0521436109
0312295855
0887274269
0134004957
0262515822
007736676X
1599410788
1269816594
0743235975
0143039679
0199859094
0133444899
0821418971
476742058X
0470480939
4805312033
0714859044
0306809907
0385538731
0321898095
0130272957
0521544890
0205968112
1454849436
1256785768
0077701305
0133351777
0393339394
0323188192
013396549X
1442604778
0691113866
1259567338
1433805618
125621261X
0415502314
0470447230
0312603835
1405195630
0136069347
0077658841
1111577439
022613671X
0321913949
0195139577
0078039932
0393319598
0804723591
0374525102
0030128471
0132991330
0395051649
0130462500
0824821904
0071664181
0415165830
0803245777
019507386X
1452203415
0133973301
0078026857
1475809166
1420932616
0674471849
0205966551
0679785892
0062225022
0887276881
0253200016
1581945531
0824835298
0060995068
1284028917
1451187424
1133955975
0887276407
0192853465
1285870271
1308273282
0205006833
1452102945
0300151179
0495600385
0520225538
0321667727
0452289807
0316380105
1285936892
1575423952
012220851X
0887276865
0060850523
1577667069
0821849743
1449619010
0521177006
0390579955
0226131041
0801474906
007054235X
1464194556
1412941105
0521603986
0452282152
0393961451
0300172095
1566392004
0807749818
0314266100
0465050654
0887276857
0133091074
0135014336
0822328917
0801477395
080363918X
0195336046
0393124460
0132438755
0872202917
1118912659
1452243093
0133983722
1882795202
0201781344
0205579353
0816670277
1451695195
1608716740
0133354652
0872200760
0133865460
0133866793
0824825683
0226555534
0451524934
148333354X
0195092570
1483345785
1478605715
0132484811
0321696689
0495391328
1483368661
1455726508
0674032969
0824825691
0073398209
0691120544
1451697384
0299173143
1563674394
0824823257
082234985X
1111342229
0536090238
0195306678
0321661133
031427989X
1308207336
0804783616
0195146905
0760339759
1137007184
1450435424
0133783685
0967418321
0300028849
0553213288
1138826626
0077303555
067974438X
0078022657
1285584635
0393335437
0205626076
0486275469
0132337177
0873522974
0133871134
0132296543
0312442033
0393967980
0226388336
3319049747
0582356911
006092229X
1454806079
0415716756
1284026337
0975251902
0321865820
1454856335
0077706749
0471348759
0791423980
1589770269
1845410637
0078022665
0813546133
0133830837
1133952402
146816242X
1606238957
1566477239
4789004546
0415889871
0896760820
0743278909
1498601634
0132560895
0140449191
0826317243
0761920277
0684803860
1936602245
0824820185
1455737658
0135100151
1454822333
2940411425
0323263232
0840029136
0877275114
1581780265
0824834100
0205726917
0205987729
0520077962
0980232791
0872203395
1938645162
025321632X
1589770048
1269324608
0735594775
087220667X
0141439742
0804784434
0195007778
076191904X
0824836510
0306447908
1551114437
1450470440
0321897447
057121102X
0812993543
1119139759
0199768250
0073545066
0393911500
0495110817
1256437638
0806133635
0618619593
1609018567
0824824997
1305617126
067438704X
1605475734
0819566624
041592913X
0226924580
0205006086
0415438179
007246352X
0495601667
1606233491
1589016327
0195097629
0415415659
1628101008
0078034698
0781799449
0838578535
0415581540
0321277619
013348596X
019974758X
014044100X
0822352079
1439900787
0824832124
0205768717
0323083765
0300208634
1506310532
1462510418
0133825868
0061715212
0910240159
1119119936
1284091848
0374533407
0060833637
0205137725
0375703659
0312461887
0824826914
0465010202
0805080708
0521636450
0140236171
1612056776
1259591093
0763785563
0133883507
0143114255
1844671453
0321898117
1119920612
0134088492
0804820368
0205004067
0415951232
0739053019
0199229848
0674005627
1454859202
1598849891
0520244990
0801451590
3540662707
0393957330
026251849X
0073380326
0880913665
0822345994
0195052161
0226014878
1450496261
1935871307
1269816322
0199738432
0226308804
0824809564
0393925749
1323150218
0824834755
0878935592
0472034758
082483450X
0816665060
0470405392
1560717092
141295083X
0500278199
0140449108
0824820347
0141439777
0393937739
0073380571
1469613867
0073534307
0226303101
0070060703
0195321057
081425179X
0963872826
0133849635
1107487544
0307388492
0120445654
0393931129
0124077269
0763797510
0520255690
013422826X
1780641850
1256118680
9814663093
0691146276
0415774268
0826304362
0553213652
1323120408
1609803434
0240807634
9710810731
1452217106
0824808223
0199846413
0199772347
0199836817
1285081803
038574403X
0393912663
0824835808
0141439564
1121170234
078441291X
0201657023
4874241271
019973979X
0415740037
0802150616
0077504909
113330933X
0134193334
0240804104
0133871312
0812243935
1616773022
1634594029
0814791093
0140263357
0500291594
0801451566
0765612631
0743219554
0156031957
1450497535
0078022649
0141016094
1118908740
0395765285
093570258X
1558612394
0415884845
0133386309
0804172447
1133104053
0840049331
1618531026
128403464X
0393318540
0061436925
4874244475
013377578X
0807083690
0314207201
0679752692
013172052X
1425771017
013501557X
1259285642
0935180079
4893582976
157766096X
843760494X
0073529583
0226816389
0240807790
0878934073
0807022047
1118515315
0393090213
0674821521
0684838281
0131103628
1844676714
1861893353
1626372594
1442215623
0415100348
0521657687
0072954825
130818221X
0824816013
1551116243
0140445390
1936221861
0878930973
0538734973
0226143767
0691135568
1598572059
0133970779
1589770978
0385721676
0742501205
0314288201
0809045028
0521186226
1400052181
0849308267
0896086380
0822353407
0618871713
900428365X
0140444297
0679753796
1454830980
0692400192
0134013522
1269324160
0140436677
0486451399
1107043344
0861719069
0553212958
1418051918
068818474X
1483349837
1597260177
1628104295
0873363299
007809514X
0944613403
0205854621
0072954833
5138210009
193598215X
0394747232
0062196537
1627222928
1617310425
0987507109
0520283120
1269324187
1864487763
0136110584
0195002768
0133982122
160901278X
0971764735
988811137X
1883052688
4789012956
0133113531
013342362X
082482539X
0553270818
0314286454
0140422072
0553246984
1416615059
1464102325
0078027004
0791424049
1595620117
0137035098
1405194669
031610003X
1121738494
0452261988
0231042035
0226143333
0393319687
0132965399
1259625036
0415895308
1609182278
0312264127
026274015X
0393320421
0205762611
0742538990
020587665X
1465243798
0078035457
0205647049
0840033826
0205998496
1848138237
0822351617
0134149165
0201488329
0534612903
0415709148
1319012825
1455770604
0814124003
0415634962
1412904048
0786688041
1847883036
0470655666
0323239064
0521295882
1608317293
0321907132
0470922249
0801498597
0824837363
0199797072
0393330281
0824834097
0133923169
082483867X
0132272717
0805092277
0521130255
088727675X
1563678209
0205705812
0078135745
0822335131
0823210545
0781812518
0321965248
0452284236
0943671221
014043464X
0140247998
0824835166
1259192989
0133831531
0815345267
026251771X
1424027055
1405849428
0061252778
0205989756
0803625936
0470655887
0887276741
054416606X
0679762655
0312384483
0231135130
0824839757
0824826450
007352624X
1454807105
0132951517
0618042547
1563249995
0887276970
0205940072
0415663253
0133577929
1305777778
0134091051
1269109316
0073406821
0195118308
0824839501
1591586364
0374534144
1634594835
0323409989
0915202891
1449697364
0321964381
1591846595
9747512254
2035845610
1118610997
1609011066
0132720825
0078024374
0205735673
0984204083
0323222420
0470403713
0133830233
0140455116
1450414885
1285465598
0415717809
156367730X
0826428452
0471676004
0123846544
4893582542
0077502299
0199213615
1437724191
0133448738
0763755338
0205609996
0875581625
0205793843
0736058036
0896762521
4893582550
1483333442
1457640465
0809001209
0345444191
0295993537
0199768315
0136031919
0133424316
1269199463
0679781129
0824815521
0394705122
0077641043
0887276946
0073383090
0470655674
1259605191
0393280640
0030210399
1845936310
125937162X
0470452099
1107431816
0761970622
0323169163
0713668148
0141439823
0130482870
0122835220
0123749794
0521775019
1422490556
0521685575
0739049259
8178981416
0077727797
032179477X
0872205428
1934432377
1118129385
0415691370
0691157820
1604593652
0495295833
0133576868
0073535109
0205012884
0060927631
0495506494
0072943580
0077427386
1121239080
0881335541
489358314X
0521675995
1138811033
014139188X
0822355280
0321964438
0321907647
083898519X
013431431X
0132984660
0801449588
0195085574
1869560671
0679748407
0393963047
0521613019
0824803981
0791424928
0205892493
157766244X
0073402931
0226846474
346898135X
0930897595
1566892546
0072977590
0195330951
0801486963
8437604184
1285481682
0226389995
1429255269
0415053889
0393287238
0312555288
1618571486
1845204549
0321996488
0781780977
1308427883
0520280520
0199791155
0226206831
1452259038
1405853107
0205520723
0300207697
1841507407
0314280383
1555814182
1600422160
1111569622
1259562220
007764980X
0345494016
007802451X
081297932X
0135569362
0824834682
0140443339
1847693555
0325043418
0688131158
1563243113
1429234148
0073398179
0134078934
1573928461
014311493X
1269972464
0134118685
0078036771
1859841848
1256413577
0226104206
0321984234
020501285X
0312649363
0803630417
1599418606
1111342741
0133792420
0205255620
0840034407
0060580461
1400076560
1845202171
050020375X
0073253316
0415904137
189138922X
0312586302
1935871684
0520269926
0134046951
1121467199
019934048X
0205763138
0736050930
1259745767
0321595580
0385743289
0824824601
1454820098
1594513589
0199579873
0774811870
0824833791
0300078153
1577667530
0321833147
130563358X
0615129536
1932907459
0674879260
0321984447
0824817060
1859843824
0073369292
168004026X
1285053648
0978783115
0872894924
1305016998
0824823745
1619020203
1442222557
1936221349
0824809440
0691074488
0878938982
1594608733
0500203733
1449604692
0736077383
0345381432
024052246X
1617700851
1429255250
0895267683
0521639875
0312302827
0520067886
0077578880
0140255826
0205665152
0470525878
1319026869
0618485228
0393935841
0323077811
1465213384
023112855X
0393936937
1885030037
0132496348
4789007758
0262033844
014015065X
0822331403
0521126002
0822349183
0077649656
013283779X
0486424642
0133578224
1405198052
2110111119
0205797741
1933253150
0814751342
0802150950
0558461077
0199578729
1138821667
0521709563
128545717X
1931520089
1416572333
0534574343
1400078776
0470128704
0804762112
0465056539
1118919734
1476737991
0521369436
0824807499
0520242254
0521187818
1437722334
1400033411
020521777X
0199826927
0393932117
007353532X
0769863795
0671746219
3527324720
0195106911
0132992914
1589234324
0415636361
0822341220
0520234618
0520221540
0807752541
0872205401
1452256802
1616690178
039333712X
1929565062
1133310680
0822356953
0824811720
0816670978
0895828758
9814291013
0199006342
0634080830
0393329992
1464158975
