0134078934
0134078934
0134078934
1133952402
1285584635
1581945531
1581945531
1581945531
1259192989
1305617126
130818221X
1119119936
1259605191
1941651585
0133448738
0132965399
0132984660
0073535109
193290705X
0240807634
0452261988
0240807790
1932907459
0826428452
057121102X
0240807790
1452102945
024052246X
0312442033
0195085574
0679748407
0312442033
0195085574
0679748407
0312442033
1845202171
0321996488
0824839757
0205768717
0199797072
1400033411
0826304362
0824839757
0520269926
0896086380
0520269926
0896086380
0824803981
0824803981
0824803981
0824803981
0824803981
0824803981
0226131041
0195306678
031610003X
031610003X
0393318540
1425771017
0205520723
1425771017
0553246984
0321965248
0321965248
0321965248
0321965248
0321965248
0321965248
0295993537
0814791093
0873363299
0143114255
0500203733
0618042547
0374525102
0807083690
0393319687
0803245777
0205665152
0306809907
0375703659
0691157820
0520244990
0822345994
0684826399
0822351617
0822341220
1844671453
1439900787
0822331403
0822335131
082234985X
0816670978
0415053889
1845204549
1933253150
1845936310
1457640465
0205966551
0205966551
0205966551
0205735673
0205735673
0205735673
0226389995
0826317243
1133955975
1133955975
1133955975
1133955975
1133955975
1133955975
0192853465
0226389995
0826317243
0192853465
0226389995
0826317243
0192853465
0500291594
0133825868
0133825868
0140247998
0226143767
0520234618
0534612903
1465243798
0816670277
0393320421
0374533407
0691074488
0520067886
0521126002
1442215623
0824807499
0618619593
0226388336
0226014878
0822328917
1589016327
0195139577
0500278199
0500203733
1118458346
0205968112
0714859044
0963872826
0134091051
1498601634
1464194556
0134091051
1498601634
1464194556
0134091051
1498601634
1464194556
0134091051
1498601634
1464194556
0134091051
1498601634
1464194556
0134091051
1498601634
1464194556
0134091051
0136031919
2940411425
054416606X
1929565062
0061715212
0192842374
0520255690
1416572333
039333712X
0061715212
0205705812
0300184956
1581780265
0226845605
050020375X
0199229848
0822349183
1847883036
026274015X
0822353407
081297932X
0415709148
0691074488
0520067886
0140263357
0688131158
0520283120
0801486963
0801449588
0804783616
1859841848
0520225538
0231137265
1107487544
0312295855
988811137X
0134193334
0393280640
0691135568
0806119195
0321595580
012220851X
0824821904
0133923460
0321833147
0321833147
0321833147
0321833147
0321833147
0321833147
0321833147
0321833147
0321833147
0321833147
0321833147
0321833147
0321833147
0321833147
0321833147
0321833147
0321833147
0321833147
0321833147
0321833147
0133923460
1617310581
1617310581
1617310581
1617310581
1617310581
1617310581
1617310581
1617310581
1617310581
1617310581
0743278909
0133982122
0133982122
0133982122
0133982122
0133982122
0133982122
0133982122
0133982122
0133982122
0133982122
0133982122
0133982122
1429234148
1464102325
1305016998
1305016998
0615129536
0615129536
0615129536
0615129536
0615129536
0615129536
0615129536
0415884845
0878934073
0133871134
0133871134
0133871134
0134088492
0134088492
0134088492
1323120408
1323120408
1323120408
1323120408
1323120408
1323152210
1323152210
1323152210
0133973301
0133973301
0133973301
0133830233
0135100151
0133866793
0133576868
0133871312
1618531026
0077861655
1118919734
013422826X
0073380326
0073380326
0073380326
0495295833
0132496348
0132496348
0130814199
0136110584
0136110584
0132337177
0470447230
013348596X
078441291X
0470405392
0133923169
1269324187
1269324187
1269324187
1256785768
1256785768
1256785768
1256785768
5138210009
1936221861
1936221349
5138210009
1936221861
1936221349
5138210009
1936221861
1936221349
5138210009
1936221861
1936221349
5138210009
1936221861
1936221349
5138210009
1936221861
1936221349
5138210009
1936221861
1936221349
0073545066
1464124493
0974707716
3527324720
0195336046
0887276970
0887276407
0887277330
0887276970
0887276407
0887277330
0887276970
0887276407
0887277330
0887276970
0887276407
0887277330
0887276970
0887276407
0887277330
0887276970
0887276741
088727675X
030016162X
0887274269
0887276865
0887276857
0887274269
0887276865
0887276857
0887274269
0887276865
0887276857
0887274269
0887276881
0887276946
0415636361
1111342229
0521603986
900428365X
1284091848
0195321057
0415740037
0078036771
013377578X
007352624X
1577667069
0415707285
1464194556
0134149165
1498601634
1464194556
0134149165
1498601634
1464194556
0134149165
1498601634
1464194556
0134149165
1498601634
1464194556
0134149165
1498601634
1464194556
0134149165
0134149165
1498601634
1464194556
125937162X
1498601634
1464194556
125937162X
1498601634
1464194556
125937162X
1498601634
1464194556
125937162X
1498601634
1464194556
125937162X
1498601634
1464194556
125937162X
1498601634
1464194556
125937162X
1498601634
1464194556
0073534307
0205609996
0073406821
1464194556
0205006086
1452217106
1412904048
0761970622
1137007184
0781780977
1437724191
0323263232
0077578880
1608317293
0975251902
0323169163
1451187424
1455737658
0781799449
1605475734
0671746219
0807022047
0156031957
1558612394
019973979X
0814751342
0299173143
0205626076
0140445390
0679753796
0802150950
0486451399
0679752692
0231135130
0231042035
0061436925
014139188X
0802150616
0679762655
0824834097
0345494016
0134004957
0134004957
0134004957
0133578224
1498601634
1464194556
0133577929
0133424316
0132951517
1464194556
1269816322
013342362X
1859843824
0393339394
0393931129
0393330281
0987507109
0143125087
0521177006
0132991330
157766096X
0393957330
1118399471
0470452099
0205004067
1433805618
0536090238
1433805618
1483349837
0807749818
0078024374
0807749818
0137035098
0684838281
141295083X
019974758X
0807752541
0822336197
1938645162
0742501205
0742538990
007802451X
0140236171
0133830837
0133091074
0134013522
1285081803
1506310532
1506310532
0133831531
076191904X
0761920277
0674005627
1475809166
1433805618
0205579353
0073380571
0073380571
0073380571
013145658X
013145658X
0073529583
032179477X
0124077269
0136019285
0495391328
007736676X
007246352X
0123749794
0262033844
0849308267
0881335541
0471676004
0073253316
0521657687
0521544890
0312649363
0521657687
0521544890
0321865820
0472034758
0472034758
0472034758
0393935841
0312542542
020587665X
1319012825
0393932117
0060850523
0452284236
0393961451
038574403X
0385721676
0804172447
1931520089
0822213419
0140714898
0684803860
0062196537
1420932616
1400078776
0743219554
0452282152
0312384483
0805080708
1566477239
082482539X
1595587748
0393319687
0312264127
0060927631
0321277619
0134118685
0205175481
0618871713
0199826927
0312461887
0967418321
0873522974
1885030037
1551114437
014043464X
0141439742
0451524934
0141439564
0486275469
1319026869
1566892546
0062225022
0226104206
0140422072
0393967980
0713668148
0553212893
0553212958
0553270818
0374525102
0807083690
0393319687
0803245777
0814124003
0395051649
0141439777
0553213288
0199536996
159448192X
0132438755
0618485228
159448192X
0132438755
1412941105
0824835298
0824811720
2110111119
0824839501
0824811720
2110111119
0824834100
0824832124
0930897595
0824815521
0385743289
0801477395
1566892546
0062225022
0295993537
0814791093
006092229X
1609803434
193598215X
0521531586
0521613019
0521613019
0521613019
0205940072
0133792420
013403564X
0205892493
0205006833
0915202891
0077641043
0077641043
0078035457
0861719069
1847882668
160901278X
1589234324
0136069347
013501557X
1563678209
156367730X
1501395262
1609018567
1609011066
1563674394
0824809440
0824809440
0824809440
0824809440
0824809440
0824809440
9710810731
9710810731
9710810731
9710810731
1308273282
0078034698
0077502299
9814291013
9814663093
0205989756
0077303555
1936602245
0077861671
1259567338
1259567338
1259567338
1259567338
1259562220
1259562220
1121467199
1121467199
1121170234
1121170234
0390579955
2035845610
0470403713
1119139759
1119139759
1845936310
0133883507
0763785563
1437722334
0880913665
1133104053
0470655887
0321984447
1269199463
0321984234
0262515822
1848138237
1462510418
1429255250
0812243935
0199006342
1259591093
1259591093
007353532X
007353532X
007353532X
346898135X
346898135X
0030210399
1118908740
1121738494
1121738494
1121738494
1429255269
0195106911
0133214311
007809514X
0078039932
0806133635
0486233375
0143039679
0077504909
014044100X
1259625036
0486233375
0143039679
0077504909
014044100X
1259625036
0486233375
0143039679
0077504909
014044100X
1259625036
0486233375
0143039679
0077504909
014044100X
1259625036
0486233375
0143039679
0077504909
0077504909
014044100X
1259625036
0486233375
0143039679
0077504909
0077504909
0077504909
0077504909
0077504909
0077504909
0077504909
0077504909
014044100X
1259625036
1259625036
4805312033
0394747232
0078135745
4805312033
0394747232
0078135745
4805312033
0394747232
0078135745
4805312033
0394747232
0078135745
4805312033
0394747232
0078135745
4805312033
0394747232
0078135745
4805312033
0394747232
0078135745
4805312033
0394747232
0078135745
4805312033
0394747232
0078135745
0813546133
0374533407
0077504909
0393912663
0910240159
0935180079
0520242254
0226846474
0824833791
0824820185
1604593652
067438704X
0824816013
0872205401
014015065X
0140455116
0393938875
1859843824
0393339394
0393090213
0393963047
1405849428
0393318540
1425771017
0205520723
1425771017
0553246984
0822352079
0812993543
0679781129
0393329992
0394705122
1442604778
067974438X
1400076560
0415251427
0205726917
0520221540
0674821521
0520077962
0140444297
0300097166
0809001209
068818474X
0415951232
0674032969
0195146905
0618042547
019934048X
1563249995
1619020203
0816665060
1566392004
0393319598
0300151179
0300208634
0394705122
0415438179
0300078153
1469613867
0822355280
0226924580
0801451566
1107043344
0801451590
0300207697
0521709563
0521130255
0804784434
0199772347
0312302827
0060995068
0300028849
0520221540
023112855X
0804746842
0674010965
0804723591
0765612631
0824823257
0760339759
0801474906
1464150761
1617102008
1476737991
1591846595
0316380105
1464194556
1259745767
1464194556
1259745767
1464194556
1259745767
1464194556
1259745767
1464194556
1259745767
1464194556
1259745767
1464194556
1259745767
1464194556
1259745767
1464194556
1259745767
1464194556
1259745767
1464194556
1259745767
1464194556
1259745767
0073383090
0470128704
0470128704
0131103628
0262033844
1118129385
0201781344
0465050654
0824808223
0824826450
0801498597
1864485434
0821418971
0415581540
1864487763
0801498597
1864485434
0132992914
1595620117
0077727797
0077727797
1416615059
013283779X
013283779X
0132484811
0132484811
0325043418
1612056776
1612056776
0312603835
0133783685
0415634962
0134046951
0134046951
0133351777
0133970779
1617700851
0199846413
1608716740
007352624X
489358314X
489358314X
489358314X
489358314X
489358314X
489358314X
489358314X
489358314X
489358314X
489358314X
0072943580
489358314X
4893582550
0072943580
489358314X
4893582550
0072943580
489358314X
4893582550
0072943580
489358314X
4893582550
0072943580
489358314X
4893582550
0072943580
489358314X
4893582550
0072943580
489358314X
4893582550
0072954825
4893582550
0072954825
4893582550
0072954825
4893582550
0072954825
4893582550
0072954825
4893582550
0072954833
4893582976
0072954833
4893582976
0072954833
4893582976
0072954833
4893582976
0072954833
4893582976
4789004546
4874244475
0804820368
4789007758
476742058X
4789004546
4874244475
0804820368
4789007758
476742058X
4789004546
4874244475
0804820368
4789007758
476742058X
4789004546
4874244475
0804820368
1133310680
0674471849
4789007758
476742058X
4789004546
4874244475
0804820368
4789004546
476742058X
4789012956
4789007758
0804820368
4789007758
476742058X
4874241271
4893588109
4789004546
4893582542
026251771X
082483450X
082483450X
082483450X
082483450X
082483450X
0824835166
0824835166
0824835166
0824836510
0824836510
0824836510
0824836510
082483867X
082483867X
0824825683
0824824997
0824825691
0824826914
0521369436
1450414885
0736050930
1450435424
0078022665
007764980X
1616690178
1616690178
0073369292
0073369292
0078022657
0078022657
1259285642
1259285642
1450496261
0736077383
080363918X
0838578535
080363918X
0838578535
080363918X
0838578535
080363918X
0838578535
1934432377
1450497535
1560717092
0736058036
0078022649
0838578535
0803625936
0073523712
1450470440
0141016094
157766244X
0345381432
0395765285
0534612903
019934048X
1308427883
1308427883
1308427883
0070060703
0070060703
0906515025
0692400192
0692400192
0692400192
0692400192
0692400192
0692400192
0692400192
0692400192
0692400192
0692400192
0692400192
0692400192
0314280383
0735545405
1628104295
1454807105
0307388492
1422490556
0199579873
0312302827
0060995068
0692400192
0314207201
1627222928
1599418606
1599410788
1634594029
031427989X
1609302516
1454820098
0735594775
1628101008
0314288201
1454859202
1454849436
1454856335
1634594835
0199578729
0743235975
1454822333
1454822333
1454830980
1600422160
1600422160
1107431816
0312555288
1405194669
026251849X
1591586364
1610690222
1598849891
1118515315
0804762112
083898519X
0226308804
0253200016
0140443339
0801891345
0310520673
0310270200
0061252778
0872205428
0872202917
087220667X
0872200760
0141439823
0140449108
0141439823
0140449108
0769863795
1594608733
0314266100
1454806079
0692400192
0314207201
0692400192
0314207201
0692400192
0314207201
0692400192
0314207201
0195092570
0521187818
0314286454
0314286454
988811137X
1869560671
1464194556
0133865460
1464194556
1464194556
1464194556
1464194556
1464194556
1464194556
1464194556
1464194556
1464194556
1464194556
1464194556
1464194556
125621261X
0321913949
1498601634
0321964381
0321964381
0321964381
0321964381
0321964381
0321964381
0321964381
0321964438
1269972464
1269972464
1269972464
1269972464
1269972464
1269972464
1269972464
1269972464
1269972464
1269972464
1269972464
1269972464
1269972464
1269972464
1269972464
1118610997
0470525878
0980232791
0132296543
0521675995
0495110817
1111569622
007054235X
0821849743
0691113866
1451695195
1429234148
0815345267
0073398179
1118912659
0132272717
0073398209
3540662707
0132344378
0132344378
0943903122
0323239064
0323239064
0840049331
0978783115
0809045028
0123848660
0133983722
0895828723
0895828723
0895828723
0895828723
0895828723
1555814182
0133354652
1269109316
0132720825
0415716756
0133849635
1119920612
0393124460
020521777X
020501285X
0205012884
020521777X
0072977590
0072977590
1616773022
0786688041
0739053019
0739049259
0195097629
0199768250
0199768315
0077649656
0393911500
0393911500
0077649656
0393911500
0393911500
0634080830
0393925749
0415717809
1861893353
0226816389
1580462731
0819566624
0077427386
0077427386
0077427386
0077427386
0077427386
0135014336
0195007778
1118404955
0971764735
1597260177
0943671221
013172052X
0803630417
0323409989
1433805618
1498601634
0323083765
1464194556
013431431X
1433805618
0323077811
0323222420
1464194556
1455770604
1464194556
1455770604
0984204083
0984204083
0323188192
0824835808
0077658841
1464194556
1455726508
0300172095
1464194556
1464194556
049539193X
1498601634
0321667727
093570258X
0471348759
0135569362
0122835220
0470922249
0071664181
0875581625
0470922249
0120445654
0415691370
1449697364
0763797510
1284026337
1284028917
128403464X
0060580461
0824835808
0763755338
1284026337
1449604692
0470380276
0195052161
0199213615
0553213652
161091192X
1451697384
0521775019
0872203395
1577667530
0824824601
0824823745
0895267683
0674326369
1551116243
1405195630
0195118308
0791424928
0691120544
0791424928
1882795202
0791424049
0195002768
0143115286
0374534144
0521685575
0521295882
0674879260
0345444191
0823210545
0521639875
0521636450
0226143333
0521436109
0415904137
0077706749
0895828758
0321962702
1323150218
1323150218
1323150218
1323150218
0321907647
1111577439
1285936892
1256118680
1256118680
0321661133
1465213384
1465213384
1465213384
1465213384
1465213384
1465213384
1269324160
1269324608
1256437638
1465213414
1465213414
1465213414
1465213414
0321897447
0321696689
0321897447
0321696689
1498601634
0321897447
0321696689
1498601634
0321897447
0321696689
1498601634
0321897447
0321696689
0321897447
0321696689
1465213384
1465213384
1465213384
1465213384
0321898117
0321898095
1464194556
1256413577
0321897447
0321696670
1498601634
0321898117
0321898095
1465213414
1465213414
1465213414
1465213414
0321898117
0321898095
0321696670
189138922X
0123846544
0073510858
0582356911
0201657023
0306447908
3319049747
1285465598
0140436677
0824835298
082235134X
0824817060
0226816389
0199791155
1138821667
0486424642
014311493X
0205854621
1442222557
0226816389
1626372594
030018915X
0824834682
0873363299
0205998496
1483345785
0393287238
0393287238
0393287238
0393287238
0393287238
0393936937
0393936937
0393936937
1285481682
148333354X
0205987729
0205255620
0534574343
0495600385
1573928461
146816242X
0060833637
1483368661
0691146276
0495506494
1405198052
1841698911
1452256802
076191904X
1591473101
1606238957
1111342741
1285870271
1449619010
0415895308
1118118804
1452243093
0824834755
1464194556
0199738432
0415774268
0226303101
8178981416
0199859094
0310270227
0791423980
025321632X
0415415659
0774811870
0930897811
0822356953
0826317243
0781812518
1405853107
1847693555
0312586302
0312555288
081425179X
0312586302
0521186226
1121239080
0472034758
1424027055
0944613403
0393937739
013396549X
013396549X
013396549X
013396549X
0872894924
1305777778
0205797741
0205762611
0205762611
1452203415
1595586431
0470655666
0205137725
0679785892
022613671X
0415889871
0078026857
0465032419
0385538731
1594513589
041592913X
1138826626
0199836817
1138811033
0130272957
0226206831
0470655674
0805092277
1844676714
0415100348
0226555534
0520280520
0801486963
0816680485
0077701305
0077701305
0077701305
0077701305
0077701305
0077701305
0077701305
0077701305
0077701305
0077701305
0077701305
1308207336
1308207336
1308207336
1308207336
1308207336
1308207336
1308207336
1269816594
168004026X
168004026X
1618571486
1285053648
1478605715
0205647049
843760494X
0140255826
8437604184
1589770978
1589770048
1589770269
0133400824
0452289807
0133400824
1575423952
1598572059
1934432377
0133386309
0133386309
1452259038
0840033826
0840033826
0840034407
0840034407
0133909107
113330933X
1483333442
0840033826
0840033826
0840033826
0840033826
0205793843
0840029136
0495601667
0133909107
128545717X
1935871684
1935871684
1606233491
0465056539
1935871307
1400052181
0890425558
1609182278
0890425558
1609182278
0205763138
0195330951
0877275114
9747512254
0896762521
0325004773
0073382205
0415165830
0240804104
0415502314
0415663253
0896760820
1841507407
0133113531
0538734973
1418051918
1780641850
0078024072
0130482870
0558461077
0132560895
1845410637
0824835298
0133444899
0133444899
130563358X
0073402931
093915448X
0135014336
0824820347
0470480939
0500278199
1883052688
1883052688
0130462500
1929325142
1457640465
0078027004
0078027004
0078027004
0078027004
007340697X
0140449191
1563243113
0824837363
0824809564
0824837363
0226669548
0393335437
0201488329
0465010202
0374525102
0807083690
0393319687
0803245777
019507386X
0321907132
1617310425
0878938982
0878935592
0030128471
0878930973
1464158975
1464158975
1464158975
